function mpc = o_UC20data

%% MATPOWER Case Format : Version 2
mpc.version = '2';

%%-----  Power Flow Data  -----%%
%% system MVA base
mpc.baseMVA = 100;   
 
 %mpc.gencost=[unit Pmax Pmin DT  a    b      c       CST   HST  Tcold]
  mpc.gencost=[1    455  150  8  1000 16.19  0.00048  9000  4500  5;
               2    455  150  8  970  17.26  0.00031  10000 5000  5;
               3    130  20   5  700  16.6   0.002    1100  550   4;
               4    130  20   5  680  16.5   0.00211  1120  560   4;
               5    162  25   6  450  19.7   0.00398  1800  900   4;
               6    80   20   3  370  22.26  0.00712  340   170   2;
               7    85   25   3  480  27.74  0.00079  520   260   2;
               8    55   10   1  660  25.92  0.00413  60    30    0;
               9    55   10   1  665  27.27  0.00222  60    30    0;
              10    55   10   1  670  27.79  0.00173  60    30    0;
              11    455  150  8  1000 16.19  0.00048  9000  4500  5;
              12    455  150  8  970  17.26  0.00031  10000 5000  5;
              13    130  20   5  700  16.6   0.002    1100  550   4;
              14    130  20   5  680  16.5   0.00211  1120  560   4;
              15    162  25   6  450  19.7   0.00398  1800  900   4;
              16    80   20   3  370  22.26  0.00712  340   170   2;
              17    85   25   3  480  27.74  0.00079  520   260   2;
              18    55   10   1  660  25.92  0.00413  60    30    0;
              19    55   10   1  665  27.27  0.00222  60    30    0;
              20    55   10   1  670  27.79  0.00173  60    30    0;];
          
        
mpc.onoff0=[0 0 0 0 0 0 0 0 0 0 0 0 0 0 0 0 1 1 1 1 1 1 1 1
            0 0 0 0 0 0 0 0 0 0 0 0 0 0 0 0 1 1 1 1 1 1 1 1
            0 0 0 0 0 0 0 0 0 0 0 0 0 0 0 0 0 0 1 0 0 0 0 0
            0 0 0 0 0 0 0 0 0 0 0 0 0 0 0 0 0 0 1 0 0 0 0 0
            0 0 0 0 0 0 0 0 0 0 0 0 0 0 0 0 0 1 0 0 0 0 0 0
            0 0 0 0 0 0 0 0 0 0 0 0 0 0 0 0 0 0 0 0 1 0 0 0
            0 0 0 0 0 0 0 0 0 0 0 0 0 0 0 0 0 0 0 0 1 0 0 0
            0 0 0 0 0 0 0 0 0 0 0 0 0 0 0 0 0 0 0 0 0 0 1 0
            0 0 0 0 0 0 0 0 0 0 0 0 0 0 0 0 0 0 0 0 0 0 1 0
            0 0 0 0 0 0 0 0 0 0 0 0 0 0 0 0 0 0 0 0 0 0 1 0
            0 0 0 0 0 0 0 0 0 0 0 0 0 0 0 0 1 1 1 1 1 1 1 1
            0 0 0 0 0 0 0 0 0 0 0 0 0 0 0 0 1 1 1 1 1 1 1 1
            0 0 0 0 0 0 0 0 0 0 0 0 0 0 0 0 0 0 1 0 0 0 0 0
            0 0 0 0 0 0 0 0 0 0 0 0 0 0 0 0 0 0 1 0 0 0 0 0
            0 0 0 0 0 0 0 0 0 0 0 0 0 0 0 0 0 1 0 0 0 0 0 0
            0 0 0 0 0 0 0 0 0 0 0 0 0 0 0 0 0 0 0 0 1 0 0 0
            0 0 0 0 0 0 0 0 0 0 0 0 0 0 0 0 0 0 0 0 1 0 0 0
            0 0 0 0 0 0 0 0 0 0 0 0 0 0 0 0 0 0 0 0 0 0 1 0
            0 0 0 0 0 0 0 0 0 0 0 0 0 0 0 0 0 0 0 0 0 0 1 0
            0 0 0 0 0 0 0 0 0 0 0 0 0 0 0 0 0 0 0 0 0 0 1 0];
        
    
end
