function pump = pump_gen
        
%% ≥È–ÓµÁ’æ
%pump.gen=[ EU0 ED0 EUmin EUmax EDmin EDmax PPmax PGmax Tau1 Tau2 ];
pump.gen=[1500 2000 500 3000 500 3000 300 300 0.9 0.9];

pump.load=[700 750 850 950 1000 1100 1150 1200 1300 1400 1450 1500 1400 1300 1200 1050 1000 1100 1200 1400 1300 1100 900 800];

end